number of jobs, number of machines, time seed, machine seed, upper bound, lower bound :
          10          10  1667495107   818777384         606         595
processing times :
 43 12 58 80 55 83 35 69 93 53
 74 91 73 15 85 56  2 84 58  1
 65 48 11 33 63 36 36  1  7 31
 64 74 75 37 89  3 45 21 23 83
 97 64 32 66 52 17 84  3 21 56
 65 60 73  9 11 97 64 59 73 84
  1 36 16 36 15 18 55 26 40  7
 60 22 22 20 93 57 79 78 11 11
 66 40 24 13 87 97 27 96 87 48
 76 52 58  5 55 10 58 77 70 94
machines :
  1  2  3  5 10  9  4  7  6  8
  8  4  5  3  9  2 10  7  1  6
  1  9 10  4  5  6  2  8  7  3
  2  1  7  6 10  4  9  5  8  3
  5 10  6  9  3  1  7  4  8  2
  1  9  2  7 10  5  4  8  6  3
  4 10  5  2  7  1  8  3  9  6
  3  2  7  8  6  4 10  5  9  1
  6  4 10  7  1  3  5  9  2  8
  6  1  7  5  9  4  8 10  3  2