number of jobs, number of machines, time seed, machine seed, upper bound, lower bound :
          10          10  1806968543  1561913259         606         595
processing times :
  1 39 13 63 74 89 62 34 72 33
 20  5 75 19 78 58 68 32 80 54
 98 43 21 24 28 50 66 54 74 81
 73 25 57 18 52 35 26 71 60 54
 18 11 47 50 76  1 28 11 31 81
 99 36 98 68 21 34 72 23 71 70
 18  3 31 86 61 74 44 86 85 98
 54 52 95 70 15 61 16  8 81 66
 91  9  6 52 63 58 94 90 39 26
 72 82 31 90 96  8 56  9  4 28
machines :
  2  5  1  6  3  7 10  9  8  4
  7  6  9  3  8  1 10  5  2  4
 10  5  8  9  3  7  6  4  2  1
  1  3  8  6  4 10  2  7  5  9
 10  8  2  6  7  5  4  9  1  3
  6  2  7 10  9  1  8  4  5  3
  8  1  7 10  2  4  9  3  5  6
  3  5  8 10  2  6  1  7  9  4
  3  5  1  2  6  8  9  7  4 10
  6  1  3  4  5  9  8  2  7 10